1900	200	254	123	26	12	0	12	0	17	125	264	342	115
1901	183	320	270	90	75	6	0	5	90	103	436	270	154
1902	120	300	260	45	42	5	10	0	79	125	256	320	130
1903	70	128	273	85	10	3	7	10	130	113	276	379	124
1904	95	335	199	71	38	0	9	3	105	118	338	209	127
1905	182	349	274	87	26	2	10	3	174	153	332	211	150
1906	119	230	293	76	25	3	8	9	173	219	424	418	166
1907	235	375	148	83	52	0	9	5	233	280	240	374	170
1908	103	334	266	84	60	10	3	1	102	158	483	349	163
1909	241	167	146	59	7	10	6	1	236	208	202	263	129
1910	156	138	153	86	66	3	10	10	90	260	201	337	126
1911	181	295	269	86	20	6	3	10	99	108	438	362	156
1912	206	215	233	84	44	7	9	4	127	274	253	420	156
1913	172	310	233	83	49	7	2	10	236	251	251	493	175
1914	167	132	106	33	51	10	5	5	94	261	243	350	121
1915	162	119	272	67	37	9	4	10	159	195	479	348	155
1916	173	147	233	69	62	6	0	4	166	165	313	421	147
1917	208	316	243	88	19	4	1	7	247	169	320	321	162
1918	231	375	129	42	69	8	9	8	239	293	442	247	174
1919	250	235	207	88	44	5	5	1	117	253	313	447	164
1920	132	326	139	88	67	0	2	6	245	258	453	411	177
1921	197	233	229	89	13	6	9	3	232	128	499	350	166
1922	219	249	182	94	46	0	2	2	174	165	292	241	139
1923	175	368	189	91	22	8	4	9	185	112	452	356	164
1924	98	207	166	69	23	5	1	10	73	116	205	361	111
1925	89	109	160	51	59	0	6	10	224	135	282	309	120
1926	204	259	227	72	65	4	0	3	150	245	378	483	174
1927	152	118	119	55	32	9	5	10	131	188	239	242	108
1928	202	110	209	35	65	4	10	4	136	142	355	399	139
1929	75	370	225	34	32	8	10	0	234	216	360	216	148
1930	179	355	121	100	25	2	6	10	105	144	205	404	138
1931	194	223	265	98	59	7	1	4	150	248	314	447	168
1932	180	369	224	65	49	9	8	10	119	199	357	387	165
1933	176	298	284	62	42	2	4	0	243	295	377	213	166
1934	136	308	228	43	51	2	0	0	160	280	287	412	159
1935	105	356	114	92	0	7	1	8	123	290	442	464	167
1936	112	168	144	49	7	0	9	2	119	177	350	306	120
1937	80	324	280	56	48	2	5	9	198	298	355	317	164
1938	75	298	173	53	35	2	6	6	224	245	427	246	149
1939	232	328	177	36	75	8	0	8	167	183	351	257	152
1940	212	116	221	83	77	9	4	5	88	221	406	207	137
1941	157	334	103	39	72	0	6	7	175	225	482	241	153
1942	136	100	260	54	53	2	6	4	86	193	220	212	111
1943	240	246	143	76	76	7	10	1	177	239	430	489	178
1944	131	308	239	94	28	9	8	1	223	187	289	242	147
1945	149	240	273	43	39	1	4	1	177	142	438	306	151
1946	137	340	146	65	42	1	5	3	96	224	321	318	142
1947	246	146	146	45	6	0	9	10	66	297	467	296	145
1948	239	376	201	52	31	10	1	2	178	237	326	336	166
1949	166	333	217	62	48	6	10	6	180	226	302	412	164
1950	226	344	114	75	53	7	10	0	136	267	436	488	180
1951	159	338	250	62	47	1	6	10	112	116	234	456	149
1952	234	377	281	84	28	6	4	5	234	242	475	298	189
1953	174	236	162	92	55	2	0	6	233	123	259	430	148
1954	95	120	167	62	55	0	4	6	118	151	381	474	136
1955	226	203	125	67	35	8	3	4	116	278	326	486	156
1956	200	180	141	65	41	6	4	3	216	223	451	387	160
1957	206	115	205	50	79	0	3	0	173	288	216	445	148
1958	138	115	273	35	3	1	6	5	185	135	208	300	117
1959	225	195	205	32	59	9	9	9	128	282	496	385	170
1960	100	261	213	40	74	9	9	3	75	243	264	455	146
1961	229	341	285	49	33	8	4	6	177	267	221	208	152
1962	174	203	275	67	71	5	5	4	238	202	232	366	154
1963	122	267	156	71	10	4	7	0	152	222	458	330	150
1964	198	134	113	89	75	8	8	7	159	285	390	304	148
1965	174	124	196	91	18	0	5	8	238	252	347	203	138
1966	143	321	150	31	50	10	4	5	237	240	380	203	148
1967	185	190	232	69	52	6	1	6	166	227	239	372	145
1968	174	135	300	56	2	9	4	9	123	138	232	231	118
1969	148	302	219	36	58	6	6	9	69	123	328	383	141
1970	78	376	295	45	55	4	7	8	232	256	308	329	166
1971	105	261	192	71	35	9	7	10	104	192	468	394	154
1972	224	324	212	90	32	7	8	2	125	142	425	488	173
1973	96	195	122	30	68	7	6	4	116	197	316	320	123
1974	209	239	200	64	45	8	3	3	83	133	461	253	142
1975	80	209	209	85	1	10	4	2	82	153	226	222	107
1976	182	261	283	79	54	8	1	6	108	211	398	361	163
1977	149	179	214	82	34	0	7	3	248	128	378	489	159
1978	198	283	129	35	62	5	2	7	107	205	464	367	155
1979	109	155	277	85	35	4	1	9	171	116	484	442	157
1980	143	146	295	64	62	5	9	5	83	240	406	416	156
1981	79	264	200	79	17	7	9	9	126	273	234	384	140
1982	137	260	132	60	29	8	1	2	196	100	389	383	141
1983	238	341	281	85	5	10	4	3	146	278	403	220	168
1984	143	331	106	40	51	3	8	10	211	124	430	486	162
1985	143	190	261	59	22	5	3	5	247	179	453	205	148
1986	122	270	199	56	63	5	3	4	185	213	369	442	161
1987	140	328	163	58	52	3	1	1	202	145	453	371	160
1988	151	337	294	89	30	8	6	5	159	108	396	317	158
1989	197	165	104	92	25	8	10	1	173	246	447	289	146
1990	224	377	253	74	45	10	0	7	101	184	428	397	175
1991	190	224	236	77	1	7	7	10	220	109	363	285	144
1992	235	327	299	80	14	5	7	4	118	207	317	280	158
1993	75	162	237	75	70	5	1	4	106	300	471	332	153
1994	81	260	187	47	16	7	3	9	142	139	325	344	130
1995	167	262	174	56	30	7	5	6	108	282	455	244	150
1996	187	213	108	61	42	0	5	10	189	136	290	343	132
1997	214	192	145	35	12	7	6	9	230	198	382	357	149
1998	187	139	274	41	21	10	0	4	243	294	450	340	167
1999	218	377	225	92	5	9	2	6	183	202	215	466	167
2000	133	328	268	52	39	5	2	1	221	176	491	447	180
2001	122	120	291	52	68	3	0	0	138	116	359	370	137
2002	145	189	130	62	74	9	7	0	174	105	394	447	145
2003	107	185	258	55	30	9	10	8	129	212	247	363	134
2004	237	313	239	75	73	9	4	10	245	220	366	273	172
2005	129	239	185	58	15	9	10	9	211	182	471	263	148
2006	218	243	212	38	49	6	6	3	64	225	479	288	153
2007	182	241	295	96	53	2	7	7	68	201	409	251	151
2008	241	131	187	59	65	4	3	10	192	243	366	357	155
2009	87	349	190	54	49	1	1	1	182	204	365	201	140
2010	102	140	155	36	63	5	9	8	168	203	237	457	132
2011	217	180	204	93	34	10	0	6	74	232	279	228	130
2012	125	345	264	83	17	4	8	10	197	204	243	380	157
2013	217	244	297	61	45	10	10	6	249	212	227	325	159
2014	233	152	276	36	46	9	8	3	207	100	225	354	137
2015	91	325	210	66	70	9	10	9	233	130	392	376	160
2016	144	251	199	54	68	3	10	1	94	142	266	315	129
2017	155	153	237	76	2	0	10	1	169	258	229	286	131
2018	102	237	188	97	35	5	5	4	132	213	485	426	161
